1.000000 0.000000 0.000000 0.000000 0.000000 0.000000 0.000000 0.000000
0.639648 0.271484 0.001953 0.086914 0.000000 0.000000 0.000000 0.000000
0.619141 0.116211 0.009766 0.254883 0.000000 0.000000 0.000000 0.000000
0.503906 0.138672 0.008789 0.348633 0.000000 0.000000 0.000000 0.000000
0.529297 0.000000 0.153320 0.317383 0.000000 0.000000 0.000000 0.000000
0.646484 0.001953 0.208008 0.124023 0.000000 0.000000 0.002930 0.016602
1.000000 0.000000 0.000000 0.000000 0.000000 0.000000 0.000000 0.000000
0.999023 0.000977 0.000000 0.000000 0.000000 0.000000 0.000000 0.000000
0.508789 0.000000 0.491211 0.000000 0.000000 0.000000 0.000000 0.000000
0.941406 0.005859 0.030273 0.022461 0.000000 0.000000 0.000000 0.000000
0.624023 0.020508 0.071289 0.284180 0.000000 0.000000 0.000000 0.000000
1.000000 0.000000 0.000000 0.000000 0.000000 0.000000 0.000000 0.000000
0.896484 0.056641 0.040039 0.002930 0.000000 0.000000 0.003906 0.000000
1.000000 0.000000 0.000000 0.000000 0.000000 0.000000 0.000000 0.000000
0.819336 0.000000 0.180664 0.000000 0.000000 0.000000 0.000000 0.000000
